------

 DADOS DO ENUNCIADO 

------

Baseline: 1A
dX = (    46218.6114 +/-  0.0057) m     3.24381507E-05  2.69705075E-06 -5.06092512E-06       100.0
dY = (     3442.2610 +/-  0.0055) m     2.69705075E-06  3.06489568E-05  7.12244006E-06         8.6   100.0
dZ = (    67514.4619 +/-  0.0029) m    -5.06092512E-06  7.12244006E-06  8.63078635E-06       -30.2    43.8   100.0

Baseline: 1B
dX = (    82686.7145 +/-  0.0061) m     3.71460995E-05  2.48150708E-06 -6.38517307E-06       100.0
dY = (    43801.9991 +/-  0.0062) m     2.48150708E-06  3.80480483E-05  9.18647605E-06         6.6   100.0
dZ = (    56255.1964 +/-  0.0031) m    -6.38517307E-06  9.18647605E-06  9.83443328E-06       -33.4    47.5   100.0

Baseline: 12
dX = (    49103.0127 +/-  0.0057) m     3.21366540E-05  3.00003184E-06 -5.47882968E-06       100.0
dY = (    50165.1587 +/-  0.0055) m     3.00003184E-06  3.03152652E-05  7.36438479E-06         9.6   100.0
dZ = (    -7803.7760 +/-  0.0029) m    -5.47882968E-06  7.36438479E-06  8.54164921E-06       -33.1    45.8   100.0

Baseline: 21
dX = (   -49103.0234 +/-  0.0056) m     3.10314729E-05  2.21667432E-06 -5.86889386E-06       100.0
dY = (   -50165.1488 +/-  0.0054) m     2.21667432E-06  2.95745631E-05  6.98137937E-06         7.3   100.0
dZ = (     7803.7837 +/-  0.0029) m    -5.86889386E-06  6.98137937E-06  8.34135266E-06       -36.5    44.4   100.0

Baseline: 2A
dX = (    -2884.3824 +/-  0.0056) m     3.17220148E-05  1.71688609E-06 -5.69862835E-06       100.0
dY = (   -46722.8854 +/-  0.0055) m     1.71688609E-06  2.98345364E-05  6.70141946E-06         5.6   100.0
dZ = (    75318.2273 +/-  0.0029) m    -5.69862835E-06  6.70141946E-06  8.52511525E-06       -34.7    42.0   100.0

Baseline: 2B
dX = (    33583.6795 +/-  0.0060) m     3.65634274E-05  3.97667411E-06 -5.87975203E-06       100.0
dY = (    -6363.1476 +/-  0.0059) m     3.97667411E-06  3.52388266E-05  8.35036609E-06        11.1   100.0
dZ = (    64058.9705 +/-  0.0031) m    -5.87975203E-06  8.35036609E-06  9.74188944E-06       -31.2    45.1   100.0

------

 MODELO MATEMATICO FUNCIONAL (PARA DEFINIR Kll, lb, l e A) 

------
dX_1A = XA - X1
dY_1A = YA - Y1
dZ_1A = ZA - Z1
dX_1B = XB - X1
dY_1B = YB - Y1
dZ_1B = ZB - Z1
dX_12 = X2 - X1
dY_12 = Y2 - Y1
dZ_12 = Z2 - Z1
dX_21 = X1 - X2
dY_21 = Y1 - Y2
dZ_21 = Z1 - Z2
dX_2A = XA - X2
dY_2A = YA - Y2
dZ_2A = ZA - Z2
dX_2B = XB - X2
dY_2B = YB - Y2
dZ_2B = ZB - Z2

------

 (CO)VARIANCIAS EXPANDIDAS (k = 6.6575)

------

Baseline: 1A
dX = (    46218.6114 +/-  0.0147) m     2.15956988E-04  1.79556154E-05 -3.36931090E-05       100.0
dY = (     3442.2610 +/-  0.0143) m     1.79556154E-05  2.04045430E-04  4.74176447E-05         8.6   100.0
dZ = (    67514.4619 +/-  0.0076) m    -3.36931090E-05  4.74176447E-05  5.74594601E-05       -30.2    43.8   100.0

Baseline: 1B
dX = (    82686.7145 +/-  0.0157) m     2.47300157E-04  1.65206334E-05 -4.25092897E-05       100.0
dY = (    43801.9991 +/-  0.0159) m     1.65206334E-05  2.53304882E-04  6.11589643E-05         6.6   100.0
dZ = (    56255.1964 +/-  0.0081) m    -4.25092897E-05  6.11589643E-05  6.54727396E-05       -33.4    47.5   100.0

Baseline: 12
dX = (    49103.0127 +/-  0.0146) m     2.13949774E-04  1.99727120E-05 -3.64753086E-05       100.0
dY = (    50165.1587 +/-  0.0142) m     1.99727120E-05  2.01823878E-04  4.90283917E-05         9.6   100.0
dZ = (    -7803.7760 +/-  0.0075) m    -3.64753086E-05  4.90283917E-05  5.68660296E-05       -33.1    45.8   100.0

Baseline: 21
dX = (   -49103.0234 +/-  0.0144) m     2.06592031E-04  1.47575093E-05 -3.90721609E-05       100.0
dY = (   -50165.1488 +/-  0.0140) m     1.47575093E-05  1.96892654E-04  4.64785332E-05         7.3   100.0
dZ = (     7803.7837 +/-  0.0075) m    -3.90721609E-05  4.64785332E-05  5.55325553E-05       -36.5    44.4   100.0

Baseline: 2A
dX = (    -2884.3824 +/-  0.0145) m     2.11189314E-04  1.14301691E-05 -3.79386182E-05       100.0
dY = (   -46722.8854 +/-  0.0141) m     1.14301691E-05  1.98623426E-04  4.46147001E-05         5.6   100.0
dZ = (    75318.2273 +/-  0.0075) m    -3.79386182E-05  4.46147001E-05  5.67559548E-05       -34.7    42.0   100.0

Baseline: 2B
dX = (    33583.6795 +/-  0.0156) m     2.43421018E-04  2.64747079E-05 -3.91444491E-05       100.0
dY = (    -6363.1476 +/-  0.0153) m     2.64747079E-05  2.34602488E-04  5.55925622E-05        11.1   100.0
dZ = (    64058.9705 +/-  0.0081) m    -3.91444491E-05  5.55925622E-05  6.48566289E-05       -31.2    45.1   100.0

------

 TESTE ESTATISTICO 

------
DoF: 12
Chi2 Test: 4.403788507E+00 < 2.333059338E+01 < 2.333666416E+01
ChiSquare test: PASSED!
s02  =  2.500000000000E-05   (a priori)
s02p =  4.860540286956E-05   (a posteriori)
s0p  =  6.971757516549E-03

------

 RESULTADOS FINAIS 

------

------ xa = x0 + x
    3960996.4935 m  +/-   12.11 mm
   -4310092.4534 m  +/-   11.92 mm
   -2525735.0294 m  +/-    6.24 mm
    4010099.5099 m  +/-   12.05 mm
   -4259927.3018 m  +/-   11.78 mm
   -2533538.8060 m  +/-    6.23 mm

------ la = lb + v
      46218.6140 m  +/-   12.11 mm
       3442.2598 m  +/-   11.92 mm
      67514.4696 m  +/-    6.24 mm
      82686.7153 m  +/-   12.11 mm
      43802.0057 m  +/-   11.92 mm
      56255.1808 m  +/-    6.24 mm
      49103.0164 m  +/-   11.83 mm
      50165.1516 m  +/-   11.55 mm
      -7803.7765 m  +/-    6.11 mm
     -49103.0164 m  +/-   11.83 mm
     -50165.1516 m  +/-   11.55 mm
       7803.7765 m  +/-    6.11 mm
      -2884.4024 m  +/-   12.05 mm
     -46722.8918 m  +/-   11.78 mm
      75318.2462 m  +/-    6.23 mm
      33583.6989 m  +/-   12.05 mm
      -6363.1459 m  +/-   11.78 mm
      64058.9574 m  +/-    6.23 mm
--- ENDE ---

------

 RESULTADOS PARCIAIS PARA CONFERENCIA 

------ Constantes, vetores, matrizes e resultados detalhados

------ Kll = k * Kll  (k = 6.6575)
 2.15957E-04  1.79556E-05 -3.36931E-05  0.00000E+00  0.00000E+00  0.00000E+00  0.00000E+00  0.00000E+00  0.00000E+00  0.00000E+00  0.00000E+00  0.00000E+00  0.00000E+00  0.00000E+00  0.00000E+00  0.00000E+00  0.00000E+00  0.00000E+00 
 1.79556E-05  2.04045E-04  4.74176E-05  0.00000E+00  0.00000E+00  0.00000E+00  0.00000E+00  0.00000E+00  0.00000E+00  0.00000E+00  0.00000E+00  0.00000E+00  0.00000E+00  0.00000E+00  0.00000E+00  0.00000E+00  0.00000E+00  0.00000E+00 
-3.36931E-05  4.74176E-05  5.74595E-05  0.00000E+00  0.00000E+00  0.00000E+00  0.00000E+00  0.00000E+00  0.00000E+00  0.00000E+00  0.00000E+00  0.00000E+00  0.00000E+00  0.00000E+00  0.00000E+00  0.00000E+00  0.00000E+00  0.00000E+00 
 0.00000E+00  0.00000E+00  0.00000E+00  2.47300E-04  1.65206E-05 -4.25093E-05  0.00000E+00  0.00000E+00  0.00000E+00  0.00000E+00  0.00000E+00  0.00000E+00  0.00000E+00  0.00000E+00  0.00000E+00  0.00000E+00  0.00000E+00  0.00000E+00 
 0.00000E+00  0.00000E+00  0.00000E+00  1.65206E-05  2.53305E-04  6.11590E-05  0.00000E+00  0.00000E+00  0.00000E+00  0.00000E+00  0.00000E+00  0.00000E+00  0.00000E+00  0.00000E+00  0.00000E+00  0.00000E+00  0.00000E+00  0.00000E+00 
 0.00000E+00  0.00000E+00  0.00000E+00 -4.25093E-05  6.11590E-05  6.54727E-05  0.00000E+00  0.00000E+00  0.00000E+00  0.00000E+00  0.00000E+00  0.00000E+00  0.00000E+00  0.00000E+00  0.00000E+00  0.00000E+00  0.00000E+00  0.00000E+00 
 0.00000E+00  0.00000E+00  0.00000E+00  0.00000E+00  0.00000E+00  0.00000E+00  2.13950E-04  1.99727E-05 -3.64753E-05  0.00000E+00  0.00000E+00  0.00000E+00  0.00000E+00  0.00000E+00  0.00000E+00  0.00000E+00  0.00000E+00  0.00000E+00 
 0.00000E+00  0.00000E+00  0.00000E+00  0.00000E+00  0.00000E+00  0.00000E+00  1.99727E-05  2.01824E-04  4.90284E-05  0.00000E+00  0.00000E+00  0.00000E+00  0.00000E+00  0.00000E+00  0.00000E+00  0.00000E+00  0.00000E+00  0.00000E+00 
 0.00000E+00  0.00000E+00  0.00000E+00  0.00000E+00  0.00000E+00  0.00000E+00 -3.64753E-05  4.90284E-05  5.68660E-05  0.00000E+00  0.00000E+00  0.00000E+00  0.00000E+00  0.00000E+00  0.00000E+00  0.00000E+00  0.00000E+00  0.00000E+00 
 0.00000E+00  0.00000E+00  0.00000E+00  0.00000E+00  0.00000E+00  0.00000E+00  0.00000E+00  0.00000E+00  0.00000E+00  2.06592E-04  1.47575E-05 -3.90722E-05  0.00000E+00  0.00000E+00  0.00000E+00  0.00000E+00  0.00000E+00  0.00000E+00 
 0.00000E+00  0.00000E+00  0.00000E+00  0.00000E+00  0.00000E+00  0.00000E+00  0.00000E+00  0.00000E+00  0.00000E+00  1.47575E-05  1.96893E-04  4.64785E-05  0.00000E+00  0.00000E+00  0.00000E+00  0.00000E+00  0.00000E+00  0.00000E+00 
 0.00000E+00  0.00000E+00  0.00000E+00  0.00000E+00  0.00000E+00  0.00000E+00  0.00000E+00  0.00000E+00  0.00000E+00 -3.90722E-05  4.64785E-05  5.55326E-05  0.00000E+00  0.00000E+00  0.00000E+00  0.00000E+00  0.00000E+00  0.00000E+00 
 0.00000E+00  0.00000E+00  0.00000E+00  0.00000E+00  0.00000E+00  0.00000E+00  0.00000E+00  0.00000E+00  0.00000E+00  0.00000E+00  0.00000E+00  0.00000E+00  2.11189E-04  1.14302E-05 -3.79386E-05  0.00000E+00  0.00000E+00  0.00000E+00 
 0.00000E+00  0.00000E+00  0.00000E+00  0.00000E+00  0.00000E+00  0.00000E+00  0.00000E+00  0.00000E+00  0.00000E+00  0.00000E+00  0.00000E+00  0.00000E+00  1.14302E-05  1.98623E-04  4.46147E-05  0.00000E+00  0.00000E+00  0.00000E+00 
 0.00000E+00  0.00000E+00  0.00000E+00  0.00000E+00  0.00000E+00  0.00000E+00  0.00000E+00  0.00000E+00  0.00000E+00  0.00000E+00  0.00000E+00  0.00000E+00 -3.79386E-05  4.46147E-05  5.67560E-05  0.00000E+00  0.00000E+00  0.00000E+00 
 0.00000E+00  0.00000E+00  0.00000E+00  0.00000E+00  0.00000E+00  0.00000E+00  0.00000E+00  0.00000E+00  0.00000E+00  0.00000E+00  0.00000E+00  0.00000E+00  0.00000E+00  0.00000E+00  0.00000E+00  2.43421E-04  2.64747E-05 -3.91444E-05 
 0.00000E+00  0.00000E+00  0.00000E+00  0.00000E+00  0.00000E+00  0.00000E+00  0.00000E+00  0.00000E+00  0.00000E+00  0.00000E+00  0.00000E+00  0.00000E+00  0.00000E+00  0.00000E+00  0.00000E+00  2.64747E-05  2.34602E-04  5.55926E-05 
 0.00000E+00  0.00000E+00  0.00000E+00  0.00000E+00  0.00000E+00  0.00000E+00  0.00000E+00  0.00000E+00  0.00000E+00  0.00000E+00  0.00000E+00  0.00000E+00  0.00000E+00  0.00000E+00  0.00000E+00 -3.91444E-05  5.55926E-05  6.48566E-05 

------ lb
    46218.6114 
     3442.2610 
    67514.4619 
    82686.7145 
    43801.9991 
    56255.1964 
    49103.0127 
    50165.1587 
    -7803.7760 
   -49103.0234 
   -50165.1488 
     7803.7837 
    -2884.3824 
   -46722.8854 
    75318.2273 
    33583.6795 
    -6363.1476 
    64058.9705 

------ l0 = aplicado valores aproximados nas equações de observação
  4007215.1075 
 -4306650.1936 
 -2458220.5598 
  4043683.2088 
 -4266290.4477 
 -2469479.8486 
        0.0000 
        0.0000 
        0.0000 
        0.0000 
        0.0000 
        0.0000 
  4007215.1075 
 -4306650.1936 
 -2458220.5598 
  4043683.2088 
 -4266290.4477 
 -2469479.8486 

------ l = lb - l0
 -3960996.4961 
  4310092.4546 
  2525735.0217 
 -3960996.4943 
  4310092.4468 
  2525735.0450 
    49103.0127 
    50165.1587 
    -7803.7760 
   -49103.0234 
   -50165.1488 
     7803.7837 
 -4010099.4899 
  4259927.3082 
  2533538.7871 
 -4010099.5293 
  4259927.3001 
  2533538.8191 

------ P = s02 * inv(Kll)
 1.36238E-01 -3.78032E-02  1.11084E-01  0.00000E+00  0.00000E+00  0.00000E+00  0.00000E+00  0.00000E+00  0.00000E+00  0.00000E+00  0.00000E+00  0.00000E+00  0.00000E+00  0.00000E+00  0.00000E+00  0.00000E+00  0.00000E+00  0.00000E+00 
-3.78032E-02  1.62083E-01 -1.55924E-01  0.00000E+00  0.00000E+00  0.00000E+00  0.00000E+00  0.00000E+00  0.00000E+00  0.00000E+00  0.00000E+00  0.00000E+00  0.00000E+00  0.00000E+00  0.00000E+00  0.00000E+00  0.00000E+00  0.00000E+00 
 1.11084E-01 -1.55924E-01  6.28901E-01  0.00000E+00  0.00000E+00  0.00000E+00  0.00000E+00  0.00000E+00  0.00000E+00  0.00000E+00  0.00000E+00  0.00000E+00  0.00000E+00  0.00000E+00  0.00000E+00  0.00000E+00  0.00000E+00  0.00000E+00 
 0.00000E+00  0.00000E+00  0.00000E+00  1.22800E-01 -3.51977E-02  1.12608E-01  0.00000E+00  0.00000E+00  0.00000E+00  0.00000E+00  0.00000E+00  0.00000E+00  0.00000E+00  0.00000E+00  0.00000E+00  0.00000E+00  0.00000E+00  0.00000E+00 
 0.00000E+00  0.00000E+00  0.00000E+00 -3.51977E-02  1.37526E-01 -1.51317E-01  0.00000E+00  0.00000E+00  0.00000E+00  0.00000E+00  0.00000E+00  0.00000E+00  0.00000E+00  0.00000E+00  0.00000E+00  0.00000E+00  0.00000E+00  0.00000E+00 
 0.00000E+00  0.00000E+00  0.00000E+00  1.12608E-01 -1.51317E-01  5.96299E-01  0.00000E+00  0.00000E+00  0.00000E+00  0.00000E+00  0.00000E+00  0.00000E+00  0.00000E+00  0.00000E+00  0.00000E+00  0.00000E+00  0.00000E+00  0.00000E+00 
 0.00000E+00  0.00000E+00  0.00000E+00  0.00000E+00  0.00000E+00  0.00000E+00  1.43693E-01 -4.63095E-02  1.32095E-01  0.00000E+00  0.00000E+00  0.00000E+00  0.00000E+00  0.00000E+00  0.00000E+00  0.00000E+00  0.00000E+00  0.00000E+00 
 0.00000E+00  0.00000E+00  0.00000E+00  0.00000E+00  0.00000E+00  0.00000E+00 -4.63095E-02  1.71613E-01 -1.77664E-01  0.00000E+00  0.00000E+00  0.00000E+00  0.00000E+00  0.00000E+00  0.00000E+00  0.00000E+00  0.00000E+00  0.00000E+00 
 0.00000E+00  0.00000E+00  0.00000E+00  0.00000E+00  0.00000E+00  0.00000E+00  1.32095E-01 -1.77664E-01  6.77536E-01  0.00000E+00  0.00000E+00  0.00000E+00  0.00000E+00  0.00000E+00  0.00000E+00  0.00000E+00  0.00000E+00  0.00000E+00 
 0.00000E+00  0.00000E+00  0.00000E+00  0.00000E+00  0.00000E+00  0.00000E+00  0.00000E+00  0.00000E+00  0.00000E+00  1.51658E-01 -4.55566E-02  1.44834E-01  0.00000E+00  0.00000E+00  0.00000E+00  0.00000E+00  0.00000E+00  0.00000E+00 
 0.00000E+00  0.00000E+00  0.00000E+00  0.00000E+00  0.00000E+00  0.00000E+00  0.00000E+00  0.00000E+00  0.00000E+00 -4.55566E-02  1.71921E-01 -1.75944E-01  0.00000E+00  0.00000E+00  0.00000E+00  0.00000E+00  0.00000E+00  0.00000E+00 
 0.00000E+00  0.00000E+00  0.00000E+00  0.00000E+00  0.00000E+00  0.00000E+00  0.00000E+00  0.00000E+00  0.00000E+00  1.44834E-01 -1.75944E-01  6.99348E-01  0.00000E+00  0.00000E+00  0.00000E+00  0.00000E+00  0.00000E+00  0.00000E+00 
 0.00000E+00  0.00000E+00  0.00000E+00  0.00000E+00  0.00000E+00  0.00000E+00  0.00000E+00  0.00000E+00  0.00000E+00  0.00000E+00  0.00000E+00  0.00000E+00  1.42512E-01 -3.59458E-02  1.23519E-01  0.00000E+00  0.00000E+00  0.00000E+00 
 0.00000E+00  0.00000E+00  0.00000E+00  0.00000E+00  0.00000E+00  0.00000E+00  0.00000E+00  0.00000E+00  0.00000E+00  0.00000E+00  0.00000E+00  0.00000E+00 -3.59458E-02  1.61923E-01 -1.51312E-01  0.00000E+00  0.00000E+00  0.00000E+00 
 0.00000E+00  0.00000E+00  0.00000E+00  0.00000E+00  0.00000E+00  0.00000E+00  0.00000E+00  0.00000E+00  0.00000E+00  0.00000E+00  0.00000E+00  0.00000E+00  1.23519E-01 -1.51312E-01  6.41992E-01  0.00000E+00  0.00000E+00  0.00000E+00 
 0.00000E+00  0.00000E+00  0.00000E+00  0.00000E+00  0.00000E+00  0.00000E+00  0.00000E+00  0.00000E+00  0.00000E+00  0.00000E+00  0.00000E+00  0.00000E+00  0.00000E+00  0.00000E+00  0.00000E+00  1.24675E-01 -4.00318E-02  1.09562E-01 
 0.00000E+00  0.00000E+00  0.00000E+00  0.00000E+00  0.00000E+00  0.00000E+00  0.00000E+00  0.00000E+00  0.00000E+00  0.00000E+00  0.00000E+00  0.00000E+00  0.00000E+00  0.00000E+00  0.00000E+00 -4.00318E-02  1.46579E-01 -1.49803E-01 
 0.00000E+00  0.00000E+00  0.00000E+00  0.00000E+00  0.00000E+00  0.00000E+00  0.00000E+00  0.00000E+00  0.00000E+00  0.00000E+00  0.00000E+00  0.00000E+00  0.00000E+00  0.00000E+00  0.00000E+00  1.09562E-01 -1.49803E-01  5.79997E-01 

------ s0^2 (fator de variância a priori)
  2.5000000000E-05

------ x0
        0.0000 
        0.0000 
        0.0000 
        0.0000 
        0.0000 
        0.0000 

------ A
    -1      0      0      0      0      0 
     0     -1      0      0      0      0 
     0      0     -1      0      0      0 
    -1      0      0      0      0      0 
     0     -1      0      0      0      0 
     0      0     -1      0      0      0 
    -1      0      0      1      0      0 
     0     -1      0      0      1      0 
     0      0     -1      0      0      1 
     1      0      0     -1      0      0 
     0      1      0      0     -1      0 
     0      0      1      0      0     -1 
     0      0      0     -1      0      0 
     0      0      0      0     -1      0 
     0      0      0      0      0     -1 
     0      0      0     -1      0      0 
     0      0      0      0     -1      0 
     0      0      0      0      0     -1 

------ N = A^T * P * A
  5.5438870563E-01  -1.6486701446E-01   5.0062161802E-01  -2.9535100567E-01   9.1866118583E-02  -2.7692929129E-01 
 -1.6486701446E-01   6.4314186637E-01  -6.6084893949E-01   9.1866118583E-02  -3.4353317257E-01   3.5360778946E-01 
  5.0062161802E-01  -6.6084893949E-01   2.6020839408E+00  -2.7692929129E-01   3.5360778946E-01  -1.3768843390E+00 
 -2.9535100567E-01   9.1866118583E-02  -2.7692929129E-01   5.6253814234E-01  -1.6784376246E-01   5.1000979472E-01 
  9.1866118583E-02  -3.4353317257E-01   3.5360778946E-01  -1.6784376246E-01   6.5203456070E-01  -6.5472284477E-01 
 -2.7692929129E-01   3.5360778946E-01  -1.3768843390E+00   5.1000979472E-01  -6.5472284477E-01   2.5988736564E+00 

------ n = A^T * P * l
  7.6796743303E+05 
 -8.1996969394E+05 
 -8.6936164571E+05 
  8.1232079813E+05 
 -8.4050275436E+05 
 -8.9343872100E+05 

------ x = Qxx * n (metros)
  3.9609964935E+06 
 -4.3100924534E+06 
 -2.5257350294E+06 
  4.0100995099E+06 
 -4.2599273018E+06 
 -2.5335388060E+06 

------ xa = x0 + x (metros)
  3.9609964935E+06 
 -4.3100924534E+06 
 -2.5257350294E+06 
  4.0100995099E+06 
 -4.2599273018E+06 
 -2.5335388060E+06 

------ v = Ax - l (x1000 = milimetros)
      2.6262095198 
     -1.2287525460 
      7.7115739696 
      0.7972093299 
      6.5972469747 
    -15.5734261498 
      3.6747008271 
     -7.0836349478 
     -0.5479413485 
      7.0102991740 
     -2.8783650487 
     -7.1650586515 
    -19.9634917080 
     -6.4151175320 
     18.8705152832 
     19.4095089100 
      1.6888817772 
    -13.1574845873 

------ s0p^2 = v^T * P * v / dof   (fator de variância a posteriori)
  4.8605402870E-05

------ Qxx = inv(N)
  3.0153319243E+00   2.3398047606E-01  -5.0551675764E-01   1.5628096618E+00   1.1868731685E-01  -2.5514231070E-01 
  2.3398047606E-01   2.9239174512E+00   6.9009212018E-01   1.1898536774E-01   1.5168676474E+00   3.5149738415E-01 
 -5.0551675764E-01   6.9009212018E-01   8.0186567780E-01  -2.5538805603E-01   3.5170610652E-01   4.1578873107E-01 
  1.5628096618E+00   1.1898536774E-01  -2.5538805603E-01   2.9874422361E+00   2.3617762113E-01  -5.1172942164E-01 
  1.1868731685E-01   1.5168676474E+00   3.5170610652E-01   2.3617762113E-01   2.8542208519E+00   6.6529632953E-01 
 -2.5514231070E-01   3.5149738415E-01   4.1578873107E-01  -5.1172942164E-01   6.6529632953E-01   7.9808270691E-01 

------ Kxx = s0p^2 * Qxx
  1.4656142297E-04   1.1372715303E-05  -2.4570845663E-05   7.5960993222E-05   5.7688448510E-06  -1.2401294801E-05 
  1.1372715303E-05   1.4211818567E-04   3.3542205518E-05   5.7833317347E-06   7.3727963103E-05   1.7084671964E-05 
 -2.4570845663E-05   3.3542205518E-05   3.8975004317E-05  -1.2413239352E-05   1.7094816999E-05   2.0209578782E-05 
  7.5960993222E-05   5.7833317347E-06  -1.2413239352E-05   1.4520583344E-04   1.1479508424E-05  -2.4872814699E-05 
  5.7688448510E-06   7.3727963103E-05   1.7094816999E-05   1.1479508424E-05   1.3873055439E-04   3.2336996125E-05 
 -1.2401294801E-05   1.7084671964E-05   2.0209578782E-05  -2.4872814699E-05   3.2336996125E-05   3.8791131493E-05 

------ Kla = s0p^2 * A * Qxx * A^T
 1.46561E-04  1.13727E-05 -2.45708E-05  1.46561E-04  1.13727E-05 -2.45708E-05  7.06004E-05  5.60387E-06 -1.21696E-05 -7.06004E-05 -5.60387E-06  1.21696E-05  7.59610E-05  5.76884E-06 -1.24013E-05  7.59610E-05  5.76884E-06 -1.24013E-05 
 1.13727E-05  1.42118E-04  3.35422E-05  1.13727E-05  1.42118E-04  3.35422E-05  5.58938E-06  6.83902E-05  1.64575E-05 -5.58938E-06 -6.83902E-05 -1.64575E-05  5.78333E-06  7.37280E-05  1.70847E-05  5.78333E-06  7.37280E-05  1.70847E-05 
-2.45708E-05  3.35422E-05  3.89750E-05 -2.45708E-05  3.35422E-05  3.89750E-05 -1.21576E-05  1.64474E-05  1.87654E-05  1.21576E-05 -1.64474E-05 -1.87654E-05 -1.24132E-05  1.70948E-05  2.02096E-05 -1.24132E-05  1.70948E-05  2.02096E-05 
 1.46561E-04  1.13727E-05 -2.45708E-05  1.46561E-04  1.13727E-05 -2.45708E-05  7.06004E-05  5.60387E-06 -1.21696E-05 -7.06004E-05 -5.60387E-06  1.21696E-05  7.59610E-05  5.76884E-06 -1.24013E-05  7.59610E-05  5.76884E-06 -1.24013E-05 
 1.13727E-05  1.42118E-04  3.35422E-05  1.13727E-05  1.42118E-04  3.35422E-05  5.58938E-06  6.83902E-05  1.64575E-05 -5.58938E-06 -6.83902E-05 -1.64575E-05  5.78333E-06  7.37280E-05  1.70847E-05  5.78333E-06  7.37280E-05  1.70847E-05 
-2.45708E-05  3.35422E-05  3.89750E-05 -2.45708E-05  3.35422E-05  3.89750E-05 -1.21576E-05  1.64474E-05  1.87654E-05  1.21576E-05 -1.64474E-05 -1.87654E-05 -1.24132E-05  1.70948E-05  2.02096E-05 -1.24132E-05  1.70948E-05  2.02096E-05 
 7.06004E-05  5.58938E-06 -1.21576E-05  7.06004E-05  5.58938E-06 -1.21576E-05  1.39845E-04  1.13000E-05 -2.46291E-05 -1.39845E-04 -1.13000E-05  2.46291E-05 -6.92448E-05 -5.71066E-06  1.24715E-05 -6.92448E-05 -5.71066E-06  1.24715E-05 
 5.60387E-06  6.83902E-05  1.64474E-05  5.60387E-06  6.83902E-05  1.64474E-05  1.13000E-05  1.33393E-04  3.16997E-05 -1.13000E-05 -1.33393E-04 -3.16997E-05 -5.69618E-06 -6.50026E-05 -1.52523E-05 -5.69618E-06 -6.50026E-05 -1.52523E-05 
-1.21696E-05  1.64575E-05  1.87654E-05 -1.21696E-05  1.64575E-05  1.87654E-05 -2.46291E-05  3.16997E-05  3.73470E-05  2.46291E-05 -3.16997E-05 -3.73470E-05  1.24596E-05 -1.52422E-05 -1.85816E-05  1.24596E-05 -1.52422E-05 -1.85816E-05 
-7.06004E-05 -5.58938E-06  1.21576E-05 -7.06004E-05 -5.58938E-06  1.21576E-05 -1.39845E-04 -1.13000E-05  2.46291E-05  1.39845E-04  1.13000E-05 -2.46291E-05  6.92448E-05  5.71066E-06 -1.24715E-05  6.92448E-05  5.71066E-06 -1.24715E-05 
-5.60387E-06 -6.83902E-05 -1.64474E-05 -5.60387E-06 -6.83902E-05 -1.64474E-05 -1.13000E-05 -1.33393E-04 -3.16997E-05  1.13000E-05  1.33393E-04  3.16997E-05  5.69618E-06  6.50026E-05  1.52523E-05  5.69618E-06  6.50026E-05  1.52523E-05 
 1.21696E-05 -1.64575E-05 -1.87654E-05  1.21696E-05 -1.64575E-05 -1.87654E-05  2.46291E-05 -3.16997E-05 -3.73470E-05 -2.46291E-05  3.16997E-05  3.73470E-05 -1.24596E-05  1.52422E-05  1.85816E-05 -1.24596E-05  1.52422E-05  1.85816E-05 
 7.59610E-05  5.78333E-06 -1.24132E-05  7.59610E-05  5.78333E-06 -1.24132E-05 -6.92448E-05 -5.69618E-06  1.24596E-05  6.92448E-05  5.69618E-06 -1.24596E-05  1.45206E-04  1.14795E-05 -2.48728E-05  1.45206E-04  1.14795E-05 -2.48728E-05 
 5.76884E-06  7.37280E-05  1.70948E-05  5.76884E-06  7.37280E-05  1.70948E-05 -5.71066E-06 -6.50026E-05 -1.52422E-05  5.71066E-06  6.50026E-05  1.52422E-05  1.14795E-05  1.38731E-04  3.23370E-05  1.14795E-05  1.38731E-04  3.23370E-05 
-1.24013E-05  1.70847E-05  2.02096E-05 -1.24013E-05  1.70847E-05  2.02096E-05  1.24715E-05 -1.52523E-05 -1.85816E-05 -1.24715E-05  1.52523E-05  1.85816E-05 -2.48728E-05  3.23370E-05  3.87911E-05 -2.48728E-05  3.23370E-05  3.87911E-05 
 7.59610E-05  5.78333E-06 -1.24132E-05  7.59610E-05  5.78333E-06 -1.24132E-05 -6.92448E-05 -5.69618E-06  1.24596E-05  6.92448E-05  5.69618E-06 -1.24596E-05  1.45206E-04  1.14795E-05 -2.48728E-05  1.45206E-04  1.14795E-05 -2.48728E-05 
 5.76884E-06  7.37280E-05  1.70948E-05  5.76884E-06  7.37280E-05  1.70948E-05 -5.71066E-06 -6.50026E-05 -1.52422E-05  5.71066E-06  6.50026E-05  1.52422E-05  1.14795E-05  1.38731E-04  3.23370E-05  1.14795E-05  1.38731E-04  3.23370E-05 
-1.24013E-05  1.70847E-05  2.02096E-05 -1.24013E-05  1.70847E-05  2.02096E-05  1.24715E-05 -1.52523E-05 -1.85816E-05 -1.24715E-05  1.52523E-05  1.85816E-05 -2.48728E-05  3.23370E-05  3.87911E-05 -2.48728E-05  3.23370E-05  3.87911E-05 

------ Kvv = Kll - Kla
 2.73306E-04  2.35369E-05 -4.09358E-05 -1.46561E-04 -1.13727E-05  2.45708E-05 -7.06004E-05 -5.60387E-06  1.21696E-05  7.06004E-05  5.60387E-06 -1.21696E-05 -7.59610E-05 -5.76884E-06  1.24013E-05 -7.59610E-05 -5.76884E-06  1.24013E-05 
 2.35369E-05  2.54590E-04  5.86479E-05 -1.13727E-05 -1.42118E-04 -3.35422E-05 -5.58938E-06 -6.83902E-05 -1.64575E-05  5.58938E-06  6.83902E-05  1.64575E-05 -5.78333E-06 -7.37280E-05 -1.70847E-05 -5.78333E-06 -7.37280E-05 -1.70847E-05 
-4.09358E-05  5.86479E-05  7.27386E-05  2.45708E-05 -3.35422E-05 -3.89750E-05  1.21576E-05 -1.64474E-05 -1.87654E-05 -1.21576E-05  1.64474E-05  1.87654E-05  1.24132E-05 -1.70948E-05 -2.02096E-05  1.24132E-05 -1.70948E-05 -2.02096E-05 
-1.46561E-04 -1.13727E-05  2.45708E-05  3.34244E-04  2.07470E-05 -5.80764E-05 -7.06004E-05 -5.60387E-06  1.21696E-05  7.06004E-05  5.60387E-06 -1.21696E-05 -7.59610E-05 -5.76884E-06  1.24013E-05 -7.59610E-05 -5.76884E-06  1.24013E-05 
-1.13727E-05 -1.42118E-04 -3.35422E-05  2.07470E-05  3.50361E-04  8.53640E-05 -5.58938E-06 -6.83902E-05 -1.64575E-05  5.58938E-06  6.83902E-05  1.64575E-05 -5.78333E-06 -7.37280E-05 -1.70847E-05 -5.78333E-06 -7.37280E-05 -1.70847E-05 
 2.45708E-05 -3.35422E-05 -3.89750E-05 -5.80764E-05  8.53640E-05  8.83182E-05  1.21576E-05 -1.64474E-05 -1.87654E-05 -1.21576E-05  1.64474E-05  1.87654E-05  1.24132E-05 -1.70948E-05 -2.02096E-05  1.24132E-05 -1.70948E-05 -2.02096E-05 
-7.06004E-05 -5.58938E-06  1.21576E-05 -7.06004E-05 -5.58938E-06  1.21576E-05  2.76119E-04  2.75312E-05 -4.62868E-05  1.39845E-04  1.13000E-05 -2.46291E-05  6.92448E-05  5.71066E-06 -1.24715E-05  6.92448E-05  5.71066E-06 -1.24715E-05 
-5.60387E-06 -6.83902E-05 -1.64474E-05 -5.60387E-06 -6.83902E-05 -1.64474E-05  2.75312E-05  2.58996E-04  6.36221E-05  1.13000E-05  1.33393E-04  3.16997E-05  5.69618E-06  6.50026E-05  1.52523E-05  5.69618E-06  6.50026E-05  1.52523E-05 
 1.21696E-05 -1.64575E-05 -1.87654E-05  1.21696E-05 -1.64575E-05 -1.87654E-05 -4.62868E-05  6.36221E-05  7.32129E-05 -2.46291E-05  3.16997E-05  3.73470E-05 -1.24596E-05  1.52422E-05  1.85816E-05 -1.24596E-05  1.52422E-05  1.85816E-05 
 7.06004E-05  5.58938E-06 -1.21576E-05  7.06004E-05  5.58938E-06 -1.21576E-05  1.39845E-04  1.13000E-05 -2.46291E-05  2.61814E-04  1.73917E-05 -5.13356E-05 -6.92448E-05 -5.71066E-06  1.24715E-05 -6.92448E-05 -5.71066E-06  1.24715E-05 
 5.60387E-06  6.83902E-05  1.64474E-05  5.60387E-06  6.83902E-05  1.64474E-05  1.13000E-05  1.33393E-04  3.16997E-05  1.73917E-05  2.49409E-04  5.86646E-05 -5.69618E-06 -6.50026E-05 -1.52523E-05 -5.69618E-06 -6.50026E-05 -1.52523E-05 
-1.21696E-05  1.64575E-05  1.87654E-05 -1.21696E-05  1.64575E-05  1.87654E-05 -2.46291E-05  3.16997E-05  3.73470E-05 -5.13356E-05  5.86646E-05  7.06203E-05  1.24596E-05 -1.52422E-05 -1.85816E-05  1.24596E-05 -1.52422E-05 -1.85816E-05 
-7.59610E-05 -5.78333E-06  1.24132E-05 -7.59610E-05 -5.78333E-06  1.24132E-05  6.92448E-05  5.69618E-06 -1.24596E-05 -6.92448E-05 -5.69618E-06  1.24596E-05  2.65392E-04  1.07432E-05 -4.88881E-05 -1.45206E-04 -1.14795E-05  2.48728E-05 
-5.76884E-06 -7.37280E-05 -1.70948E-05 -5.76884E-06 -7.37280E-05 -1.70948E-05  5.71066E-06  6.50026E-05  1.52422E-05 -5.71066E-06 -6.50026E-05 -1.52422E-05  1.07432E-05  2.47436E-04  5.44036E-05 -1.14795E-05 -1.38731E-04 -3.23370E-05 
 1.24013E-05 -1.70847E-05 -2.02096E-05  1.24013E-05 -1.70847E-05 -2.02096E-05 -1.24715E-05  1.52523E-05  1.85816E-05  1.24715E-05 -1.52523E-05 -1.85816E-05 -4.88881E-05  5.44036E-05  7.15547E-05  2.48728E-05 -3.23370E-05 -3.87911E-05 
-7.59610E-05 -5.78333E-06  1.24132E-05 -7.59610E-05 -5.78333E-06  1.24132E-05  6.92448E-05  5.69618E-06 -1.24596E-05 -6.92448E-05 -5.69618E-06  1.24596E-05 -1.45206E-04 -1.14795E-05  2.48728E-05  3.28057E-04  3.99930E-05 -5.12325E-05 
-5.76884E-06 -7.37280E-05 -1.70948E-05 -5.76884E-06 -7.37280E-05 -1.70948E-05  5.71066E-06  6.50026E-05  1.52422E-05 -5.71066E-06 -6.50026E-05 -1.52422E-05 -1.14795E-05 -1.38731E-04 -3.23370E-05  3.99930E-05  3.17387E-04  7.57470E-05 
 1.24013E-05 -1.70847E-05 -2.02096E-05  1.24013E-05 -1.70847E-05 -2.02096E-05 -1.24715E-05  1.52523E-05  1.85816E-05  1.24715E-05 -1.52523E-05 -1.85816E-05  2.48728E-05 -3.23370E-05 -3.87911E-05 -5.12325E-05  7.57470E-05  8.73042E-05 
Parou aqui!!!!!

