------

 DADOS DO ENUNCIADO 

------

Baseline: 1A
dX = (    46218.6114 +/-  0.0057) m     3.24381507E-05  2.69705075E-06 -5.06092512E-06       100.0
dY = (     3442.2610 +/-  0.0055) m     2.69705075E-06  3.06489568E-05  7.12244006E-06         8.6   100.0
dZ = (    67514.4619 +/-  0.0029) m    -5.06092512E-06  7.12244006E-06  8.63078635E-06       -30.2    43.8   100.0

Baseline: 1B
dX = (    82686.7145 +/-  0.0061) m     3.71460995E-05  2.48150708E-06 -6.38517307E-06       100.0
dY = (    43801.9991 +/-  0.0062) m     2.48150708E-06  3.80480483E-05  9.18647605E-06         6.6   100.0
dZ = (    56255.1964 +/-  0.0031) m    -6.38517307E-06  9.18647605E-06  9.83443328E-06       -33.4    47.5   100.0

Baseline: 12
dX = (    49103.0127 +/-  0.0057) m     3.21366540E-05  3.00003184E-06 -5.47882968E-06       100.0
dY = (    50165.1587 +/-  0.0055) m     3.00003184E-06  3.03152652E-05  7.36438479E-06         9.6   100.0
dZ = (    -7803.7760 +/-  0.0029) m    -5.47882968E-06  7.36438479E-06  8.54164921E-06       -33.1    45.8   100.0

Baseline: 21
dX = (   -49103.0234 +/-  0.0056) m     3.10314729E-05  2.21667432E-06 -5.86889386E-06       100.0
dY = (   -50165.1488 +/-  0.0054) m     2.21667432E-06  2.95745631E-05  6.98137937E-06         7.3   100.0
dZ = (     7803.7837 +/-  0.0029) m    -5.86889386E-06  6.98137937E-06  8.34135266E-06       -36.5    44.4   100.0

Baseline: 2A
dX = (    -2884.3824 +/-  0.0056) m     3.17220148E-05  1.71688609E-06 -5.69862835E-06       100.0
dY = (   -46722.8854 +/-  0.0055) m     1.71688609E-06  2.98345364E-05  6.70141946E-06         5.6   100.0
dZ = (    75318.2273 +/-  0.0029) m    -5.69862835E-06  6.70141946E-06  8.52511525E-06       -34.7    42.0   100.0

Baseline: 2B
dX = (    33583.6795 +/-  0.0060) m     3.65634274E-05  3.97667411E-06 -5.87975203E-06       100.0
dY = (    -6363.1476 +/-  0.0059) m     3.97667411E-06  3.52388266E-05  8.35036609E-06        11.1   100.0
dZ = (    64058.9705 +/-  0.0031) m    -5.87975203E-06  8.35036609E-06  9.74188944E-06       -31.2    45.1   100.0

------

 MODELO MATEMATICO FUNCIONAL (PARA DEFINIR Kll, lb, l e A) 

------
dX_1A = XA - X1
dY_1A = YA - Y1
dZ_1A = ZA - Z1
dX_1B = XB - X1
dY_1B = YB - Y1
dZ_1B = ZB - Z1
dX_12 = X2 - X1
dY_12 = Y2 - Y1
dZ_12 = Z2 - Z1
dX_21 = X1 - X2
dY_21 = Y1 - Y2
dZ_21 = Z1 - Z2
dX_2A = XA - X2
dY_2A = YA - Y2
dZ_2A = ZA - Z2
dX_2B = XB - X2
dY_2B = YB - Y2
dZ_2B = ZB - Z2

------

 (CO)VARIANCIAS EXPANDIDAS (k = 1.0000)

------

Baseline: 1A
dX = (    46218.6114 +/-  0.0057) m     3.24381507E-05  2.69705075E-06 -5.06092512E-06       100.0
dY = (     3442.2610 +/-  0.0055) m     2.69705075E-06  3.06489568E-05  7.12244006E-06         8.6   100.0
dZ = (    67514.4619 +/-  0.0029) m    -5.06092512E-06  7.12244006E-06  8.63078635E-06       -30.2    43.8   100.0

Baseline: 1B
dX = (    82686.7145 +/-  0.0061) m     3.71460995E-05  2.48150708E-06 -6.38517307E-06       100.0
dY = (    43801.9991 +/-  0.0062) m     2.48150708E-06  3.80480483E-05  9.18647605E-06         6.6   100.0
dZ = (    56255.1964 +/-  0.0031) m    -6.38517307E-06  9.18647605E-06  9.83443328E-06       -33.4    47.5   100.0

Baseline: 12
dX = (    49103.0127 +/-  0.0057) m     3.21366540E-05  3.00003184E-06 -5.47882968E-06       100.0
dY = (    50165.1587 +/-  0.0055) m     3.00003184E-06  3.03152652E-05  7.36438479E-06         9.6   100.0
dZ = (    -7803.7760 +/-  0.0029) m    -5.47882968E-06  7.36438479E-06  8.54164921E-06       -33.1    45.8   100.0

Baseline: 21
dX = (   -49103.0234 +/-  0.0056) m     3.10314729E-05  2.21667432E-06 -5.86889386E-06       100.0
dY = (   -50165.1488 +/-  0.0054) m     2.21667432E-06  2.95745631E-05  6.98137937E-06         7.3   100.0
dZ = (     7803.7837 +/-  0.0029) m    -5.86889386E-06  6.98137937E-06  8.34135266E-06       -36.5    44.4   100.0

Baseline: 2A
dX = (    -2884.3824 +/-  0.0056) m     3.17220148E-05  1.71688609E-06 -5.69862835E-06       100.0
dY = (   -46722.8854 +/-  0.0055) m     1.71688609E-06  2.98345364E-05  6.70141946E-06         5.6   100.0
dZ = (    75318.2273 +/-  0.0029) m    -5.69862835E-06  6.70141946E-06  8.52511525E-06       -34.7    42.0   100.0

Baseline: 2B
dX = (    33583.6795 +/-  0.0060) m     3.65634274E-05  3.97667411E-06 -5.87975203E-06       100.0
dY = (    -6363.1476 +/-  0.0059) m     3.97667411E-06  3.52388266E-05  8.35036609E-06        11.1   100.0
dZ = (    64058.9705 +/-  0.0031) m    -5.87975203E-06  8.35036609E-06  9.74188944E-06       -31.2    45.1   100.0

------

 TESTE ESTATISTICO 

------
DoF: 12
Chi2 Test: 4.403788507E+00 < 1.553234254E+02 < 2.333666416E+01
ChiSquare test: FAILED!  (Exceeded upper bound. Stdev of observations are very optimistic)
s02  =  2.500000000000E-05   (a priori)
s02p =  3.235904696041E-04   (a posteriori)
s0p  =  1.798862055868E-02

------

 RESULTADOS FINAIS 

------

------ xa = x0 + x
    3960996.4935 m  +/-   12.11 mm   RBMC 3960996.5157 -4310092.4421 -2525735.0089 0.002 0.003 0.002
   -4310092.4534 m  +/-   11.92 mm             -0.0222       -0.0113       -0.0205 (enu: -0.0240 -0.0215  0.0020)
   -2525735.0294 m  +/-    6.24 mm
    4010099.5099 m  +/-   12.05 mm   RBMC 4010099.5048 -4259927.3030 -2533538.7990 0.003 0.003 0.002
   -4259927.3018 m  +/-   11.78 mm              0.0051        0.0012       -0.0070 (enu: 0.0045 -0.0054  0.0052
   -2533538.8060 m  +/-    6.23 mm

------ la = lb + v
      46218.6140 m  +/-   12.11 mm
       3442.2598 m  +/-   11.92 mm
      67514.4696 m  +/-    6.24 mm
      82686.7153 m  +/-   12.11 mm
      43802.0057 m  +/-   11.92 mm
      56255.1808 m  +/-    6.24 mm
      49103.0164 m  +/-   11.83 mm
      50165.1516 m  +/-   11.55 mm
      -7803.7765 m  +/-    6.11 mm
     -49103.0164 m  +/-   11.83 mm
     -50165.1516 m  +/-   11.55 mm
       7803.7765 m  +/-    6.11 mm
      -2884.4024 m  +/-   12.05 mm
     -46722.8918 m  +/-   11.78 mm
      75318.2462 m  +/-    6.23 mm
      33583.6989 m  +/-   12.05 mm
      -6363.1459 m  +/-   11.78 mm
      64058.9574 m  +/-    6.23 mm
--- ENDE ---

------

 RESULTADOS PARCIAIS PARA CONFERENCIA 

------ Constantes, vetores, matrizes e resultados detalhados

------ Kll = k * Kll  (k = 1.0000)
 3.24382E-05  2.69705E-06 -5.06093E-06  0.00000E+00  0.00000E+00  0.00000E+00  0.00000E+00  0.00000E+00  0.00000E+00  0.00000E+00  0.00000E+00  0.00000E+00  0.00000E+00  0.00000E+00  0.00000E+00  0.00000E+00  0.00000E+00  0.00000E+00 
 2.69705E-06  3.06490E-05  7.12244E-06  0.00000E+00  0.00000E+00  0.00000E+00  0.00000E+00  0.00000E+00  0.00000E+00  0.00000E+00  0.00000E+00  0.00000E+00  0.00000E+00  0.00000E+00  0.00000E+00  0.00000E+00  0.00000E+00  0.00000E+00 
-5.06093E-06  7.12244E-06  8.63079E-06  0.00000E+00  0.00000E+00  0.00000E+00  0.00000E+00  0.00000E+00  0.00000E+00  0.00000E+00  0.00000E+00  0.00000E+00  0.00000E+00  0.00000E+00  0.00000E+00  0.00000E+00  0.00000E+00  0.00000E+00 
 0.00000E+00  0.00000E+00  0.00000E+00  3.71461E-05  2.48151E-06 -6.38517E-06  0.00000E+00  0.00000E+00  0.00000E+00  0.00000E+00  0.00000E+00  0.00000E+00  0.00000E+00  0.00000E+00  0.00000E+00  0.00000E+00  0.00000E+00  0.00000E+00 
 0.00000E+00  0.00000E+00  0.00000E+00  2.48151E-06  3.80480E-05  9.18648E-06  0.00000E+00  0.00000E+00  0.00000E+00  0.00000E+00  0.00000E+00  0.00000E+00  0.00000E+00  0.00000E+00  0.00000E+00  0.00000E+00  0.00000E+00  0.00000E+00 
 0.00000E+00  0.00000E+00  0.00000E+00 -6.38517E-06  9.18648E-06  9.83443E-06  0.00000E+00  0.00000E+00  0.00000E+00  0.00000E+00  0.00000E+00  0.00000E+00  0.00000E+00  0.00000E+00  0.00000E+00  0.00000E+00  0.00000E+00  0.00000E+00 
 0.00000E+00  0.00000E+00  0.00000E+00  0.00000E+00  0.00000E+00  0.00000E+00  3.21367E-05  3.00003E-06 -5.47883E-06  0.00000E+00  0.00000E+00  0.00000E+00  0.00000E+00  0.00000E+00  0.00000E+00  0.00000E+00  0.00000E+00  0.00000E+00 
 0.00000E+00  0.00000E+00  0.00000E+00  0.00000E+00  0.00000E+00  0.00000E+00  3.00003E-06  3.03153E-05  7.36438E-06  0.00000E+00  0.00000E+00  0.00000E+00  0.00000E+00  0.00000E+00  0.00000E+00  0.00000E+00  0.00000E+00  0.00000E+00 
 0.00000E+00  0.00000E+00  0.00000E+00  0.00000E+00  0.00000E+00  0.00000E+00 -5.47883E-06  7.36438E-06  8.54165E-06  0.00000E+00  0.00000E+00  0.00000E+00  0.00000E+00  0.00000E+00  0.00000E+00  0.00000E+00  0.00000E+00  0.00000E+00 
 0.00000E+00  0.00000E+00  0.00000E+00  0.00000E+00  0.00000E+00  0.00000E+00  0.00000E+00  0.00000E+00  0.00000E+00  3.10315E-05  2.21667E-06 -5.86889E-06  0.00000E+00  0.00000E+00  0.00000E+00  0.00000E+00  0.00000E+00  0.00000E+00 
 0.00000E+00  0.00000E+00  0.00000E+00  0.00000E+00  0.00000E+00  0.00000E+00  0.00000E+00  0.00000E+00  0.00000E+00  2.21667E-06  2.95746E-05  6.98138E-06  0.00000E+00  0.00000E+00  0.00000E+00  0.00000E+00  0.00000E+00  0.00000E+00 
 0.00000E+00  0.00000E+00  0.00000E+00  0.00000E+00  0.00000E+00  0.00000E+00  0.00000E+00  0.00000E+00  0.00000E+00 -5.86889E-06  6.98138E-06  8.34135E-06  0.00000E+00  0.00000E+00  0.00000E+00  0.00000E+00  0.00000E+00  0.00000E+00 
 0.00000E+00  0.00000E+00  0.00000E+00  0.00000E+00  0.00000E+00  0.00000E+00  0.00000E+00  0.00000E+00  0.00000E+00  0.00000E+00  0.00000E+00  0.00000E+00  3.17220E-05  1.71689E-06 -5.69863E-06  0.00000E+00  0.00000E+00  0.00000E+00 
 0.00000E+00  0.00000E+00  0.00000E+00  0.00000E+00  0.00000E+00  0.00000E+00  0.00000E+00  0.00000E+00  0.00000E+00  0.00000E+00  0.00000E+00  0.00000E+00  1.71689E-06  2.98345E-05  6.70142E-06  0.00000E+00  0.00000E+00  0.00000E+00 
 0.00000E+00  0.00000E+00  0.00000E+00  0.00000E+00  0.00000E+00  0.00000E+00  0.00000E+00  0.00000E+00  0.00000E+00  0.00000E+00  0.00000E+00  0.00000E+00 -5.69863E-06  6.70142E-06  8.52512E-06  0.00000E+00  0.00000E+00  0.00000E+00 
 0.00000E+00  0.00000E+00  0.00000E+00  0.00000E+00  0.00000E+00  0.00000E+00  0.00000E+00  0.00000E+00  0.00000E+00  0.00000E+00  0.00000E+00  0.00000E+00  0.00000E+00  0.00000E+00  0.00000E+00  3.65634E-05  3.97667E-06 -5.87975E-06 
 0.00000E+00  0.00000E+00  0.00000E+00  0.00000E+00  0.00000E+00  0.00000E+00  0.00000E+00  0.00000E+00  0.00000E+00  0.00000E+00  0.00000E+00  0.00000E+00  0.00000E+00  0.00000E+00  0.00000E+00  3.97667E-06  3.52388E-05  8.35037E-06 
 0.00000E+00  0.00000E+00  0.00000E+00  0.00000E+00  0.00000E+00  0.00000E+00  0.00000E+00  0.00000E+00  0.00000E+00  0.00000E+00  0.00000E+00  0.00000E+00  0.00000E+00  0.00000E+00  0.00000E+00 -5.87975E-06  8.35037E-06  9.74189E-06 

------ lb
    46218.6114 
     3442.2610 
    67514.4619 
    82686.7145 
    43801.9991 
    56255.1964 
    49103.0127 
    50165.1587 
    -7803.7760 
   -49103.0234 
   -50165.1488 
     7803.7837 
    -2884.3824 
   -46722.8854 
    75318.2273 
    33583.6795 
    -6363.1476 
    64058.9705 

------ l0 = aplicado valores aproximados nas equações de observação
  4007215.1075 
 -4306650.1936 
 -2458220.5598 
  4043683.2088 
 -4266290.4477 
 -2469479.8486 
        0.0000 
        0.0000 
        0.0000 
        0.0000 
        0.0000 
        0.0000 
  4007215.1075 
 -4306650.1936 
 -2458220.5598 
  4043683.2088 
 -4266290.4477 
 -2469479.8486 

------ l = lb - l0
 -3960996.4961 
  4310092.4546 
  2525735.0217 
 -3960996.4943 
  4310092.4468 
  2525735.0450 
    49103.0127 
    50165.1587 
    -7803.7760 
   -49103.0234 
   -50165.1488 
     7803.7837 
 -4010099.4899 
  4259927.3082 
  2533538.7871 
 -4010099.5293 
  4259927.3001 
  2533538.8191 

------ P = s02 * inv(Kll)
 9.07004E-01 -2.51675E-01  7.39541E-01  0.00000E+00  0.00000E+00  0.00000E+00  0.00000E+00  0.00000E+00  0.00000E+00  0.00000E+00  0.00000E+00  0.00000E+00  0.00000E+00  0.00000E+00  0.00000E+00  0.00000E+00  0.00000E+00  0.00000E+00 
-2.51675E-01  1.07907E+00 -1.03806E+00  0.00000E+00  0.00000E+00  0.00000E+00  0.00000E+00  0.00000E+00  0.00000E+00  0.00000E+00  0.00000E+00  0.00000E+00  0.00000E+00  0.00000E+00  0.00000E+00  0.00000E+00  0.00000E+00  0.00000E+00 
 7.39541E-01 -1.03806E+00  4.18691E+00  0.00000E+00  0.00000E+00  0.00000E+00  0.00000E+00  0.00000E+00  0.00000E+00  0.00000E+00  0.00000E+00  0.00000E+00  0.00000E+00  0.00000E+00  0.00000E+00  0.00000E+00  0.00000E+00  0.00000E+00 
 0.00000E+00  0.00000E+00  0.00000E+00  8.17539E-01 -2.34329E-01  7.49691E-01  0.00000E+00  0.00000E+00  0.00000E+00  0.00000E+00  0.00000E+00  0.00000E+00  0.00000E+00  0.00000E+00  0.00000E+00  0.00000E+00  0.00000E+00  0.00000E+00 
 0.00000E+00  0.00000E+00  0.00000E+00 -2.34329E-01  9.15576E-01 -1.00739E+00  0.00000E+00  0.00000E+00  0.00000E+00  0.00000E+00  0.00000E+00  0.00000E+00  0.00000E+00  0.00000E+00  0.00000E+00  0.00000E+00  0.00000E+00  0.00000E+00 
 0.00000E+00  0.00000E+00  0.00000E+00  7.49691E-01 -1.00739E+00  3.96986E+00  0.00000E+00  0.00000E+00  0.00000E+00  0.00000E+00  0.00000E+00  0.00000E+00  0.00000E+00  0.00000E+00  0.00000E+00  0.00000E+00  0.00000E+00  0.00000E+00 
 0.00000E+00  0.00000E+00  0.00000E+00  0.00000E+00  0.00000E+00  0.00000E+00  9.56638E-01 -3.08306E-01  8.79425E-01  0.00000E+00  0.00000E+00  0.00000E+00  0.00000E+00  0.00000E+00  0.00000E+00  0.00000E+00  0.00000E+00  0.00000E+00 
 0.00000E+00  0.00000E+00  0.00000E+00  0.00000E+00  0.00000E+00  0.00000E+00 -3.08306E-01  1.14251E+00 -1.18280E+00  0.00000E+00  0.00000E+00  0.00000E+00  0.00000E+00  0.00000E+00  0.00000E+00  0.00000E+00  0.00000E+00  0.00000E+00 
 0.00000E+00  0.00000E+00  0.00000E+00  0.00000E+00  0.00000E+00  0.00000E+00  8.79425E-01 -1.18280E+00  4.51070E+00  0.00000E+00  0.00000E+00  0.00000E+00  0.00000E+00  0.00000E+00  0.00000E+00  0.00000E+00  0.00000E+00  0.00000E+00 
 0.00000E+00  0.00000E+00  0.00000E+00  0.00000E+00  0.00000E+00  0.00000E+00  0.00000E+00  0.00000E+00  0.00000E+00  1.00966E+00 -3.03293E-01  9.64232E-01  0.00000E+00  0.00000E+00  0.00000E+00  0.00000E+00  0.00000E+00  0.00000E+00 
 0.00000E+00  0.00000E+00  0.00000E+00  0.00000E+00  0.00000E+00  0.00000E+00  0.00000E+00  0.00000E+00  0.00000E+00 -3.03293E-01  1.14456E+00 -1.17135E+00  0.00000E+00  0.00000E+00  0.00000E+00  0.00000E+00  0.00000E+00  0.00000E+00 
 0.00000E+00  0.00000E+00  0.00000E+00  0.00000E+00  0.00000E+00  0.00000E+00  0.00000E+00  0.00000E+00  0.00000E+00  9.64232E-01 -1.17135E+00  4.65591E+00  0.00000E+00  0.00000E+00  0.00000E+00  0.00000E+00  0.00000E+00  0.00000E+00 
 0.00000E+00  0.00000E+00  0.00000E+00  0.00000E+00  0.00000E+00  0.00000E+00  0.00000E+00  0.00000E+00  0.00000E+00  0.00000E+00  0.00000E+00  0.00000E+00  9.48773E-01 -2.39309E-01  8.22325E-01  0.00000E+00  0.00000E+00  0.00000E+00 
 0.00000E+00  0.00000E+00  0.00000E+00  0.00000E+00  0.00000E+00  0.00000E+00  0.00000E+00  0.00000E+00  0.00000E+00  0.00000E+00  0.00000E+00  0.00000E+00 -2.39309E-01  1.07800E+00 -1.00736E+00  0.00000E+00  0.00000E+00  0.00000E+00 
 0.00000E+00  0.00000E+00  0.00000E+00  0.00000E+00  0.00000E+00  0.00000E+00  0.00000E+00  0.00000E+00  0.00000E+00  0.00000E+00  0.00000E+00  0.00000E+00  8.22325E-01 -1.00736E+00  4.27406E+00  0.00000E+00  0.00000E+00  0.00000E+00 
 0.00000E+00  0.00000E+00  0.00000E+00  0.00000E+00  0.00000E+00  0.00000E+00  0.00000E+00  0.00000E+00  0.00000E+00  0.00000E+00  0.00000E+00  0.00000E+00  0.00000E+00  0.00000E+00  0.00000E+00  8.30025E-01 -2.66512E-01  7.29408E-01 
 0.00000E+00  0.00000E+00  0.00000E+00  0.00000E+00  0.00000E+00  0.00000E+00  0.00000E+00  0.00000E+00  0.00000E+00  0.00000E+00  0.00000E+00  0.00000E+00  0.00000E+00  0.00000E+00  0.00000E+00 -2.66512E-01  9.75849E-01 -9.97314E-01 
 0.00000E+00  0.00000E+00  0.00000E+00  0.00000E+00  0.00000E+00  0.00000E+00  0.00000E+00  0.00000E+00  0.00000E+00  0.00000E+00  0.00000E+00  0.00000E+00  0.00000E+00  0.00000E+00  0.00000E+00  7.29408E-01 -9.97314E-01  3.86133E+00 

------ s0^2 (fator de variância a priori)
  2.5000000000E-05

------ x0
        0.0000 
        0.0000 
        0.0000 
        0.0000 
        0.0000 
        0.0000 

------ A
    -1      0      0      0      0      0 
     0     -1      0      0      0      0 
     0      0     -1      0      0      0 
    -1      0      0      0      0      0 
     0     -1      0      0      0      0 
     0      0     -1      0      0      0 
    -1      0      0      1      0      0 
     0     -1      0      0      1      0 
     0      0     -1      0      0      1 
     1      0      0     -1      0      0 
     0      1      0      0     -1      0 
     0      0      1      0      0     -1 
     0      0      0     -1      0      0 
     0      0      0      0     -1      0 
     0      0      0      0      0     -1 
     0      0      0     -1      0      0 
     0      0      0      0     -1      0 
     0      0      0      0      0     -1 

------ N = A^T * P * A
  3.6908428077E+00  -1.0976021488E+00   3.3328884219E+00  -1.9662993202E+00   6.1159868446E-01  -1.8436567567E+00 
 -1.0976021488E+00   4.2817169753E+00  -4.3996018146E+00   6.1159868446E-01  -2.2870720964E+00   2.3541438584E+00 
  3.3328884219E+00  -4.3996018146E+00   1.7323373836E+01  -1.8436567567E+00   2.3541438584E+00  -9.1666074871E+00 
 -1.9662993202E+00   6.1159868446E-01  -1.8436567567E+00   3.7450976826E+00  -1.1174198485E+00   3.3953902083E+00 
  6.1159868446E-01  -2.2870720964E+00   2.3541438584E+00  -1.1174198485E+00   4.3409200879E+00  -4.3588173391E+00 
 -1.8436567567E+00   2.3541438584E+00  -9.1666074871E+00   3.3953902083E+00  -4.3588173391E+00   1.7302001368E+01 

------ n = A^T * P * l
  5.1127431854E+06 
 -5.4589482374E+06 
 -5.7877751563E+06 
  5.4080257135E+06 
 -5.5956470872E+06 
 -5.9480682851E+06 

------ x = Qxx * n (metros)
  3.9609964935E+06 
 -4.3100924534E+06 
 -2.5257350294E+06 
  4.0100995099E+06 
 -4.2599273018E+06 
 -2.5335388060E+06 

------ xa = x0 + x (metros)
  3.9609964935E+06 
 -4.3100924534E+06 
 -2.5257350294E+06 
  4.0100995099E+06 
 -4.2599273018E+06 
 -2.5335388060E+06 

------ v = Ax - l (x1000 = milimetros)
      2.6262067258 
     -1.2287562713 
      7.7115735039 
      0.7972065359 
      6.5972432494 
    -15.5734266154 
      3.6746989645 
     -7.0836386731 
     -0.5479418141 
      7.0103010366 
     -2.8783613234 
     -7.1650581858 
    -19.9634926394 
     -6.4151175320 
     18.8705152832 
     19.4095079787 
      1.6888817772 
    -13.1574845873 

------ s0p^2 = v^T * P * v / dof   (fator de variância a posteriori)
  3.2359046960E-04

------ Qxx = inv(N)
  4.5292255716E-01   3.5145396330E-02  -7.5931920036E-02   2.3474422258E-01   1.7827610492E-02  -3.8324042163E-02 
  3.5145396330E-02   4.3919150601E-01   1.0365634550E-01   1.7872379683E-02   2.2784343183E-01   5.2797203777E-02 
 -7.5931920036E-02   1.0365634550E-01   1.2044546418E-01  -3.8360954718E-02   5.2828555241E-02   6.2454184163E-02 
  2.3474422258E-01   1.7872379683E-02  -3.8360954718E-02   4.4873334376E-01   3.5475421874E-02  -7.6865102762E-02 
  1.7827610492E-02   2.2784343183E-01   5.2828555241E-02   3.5475421874E-02   4.2872262139E-01   9.9931855732E-02 
 -3.8324042163E-02   5.2797203777E-02   6.2454184163E-02  -7.6865102762E-02   9.9931855732E-02   1.1987723724E-01 

------ Kxx = s0p^2 * Qxx
  1.4656142297E-04   1.1372715303E-05  -2.4570845663E-05   7.5960993222E-05   5.7688448510E-06  -1.2401294801E-05 
  1.1372715303E-05   1.4211818567E-04   3.3542205518E-05   5.7833317347E-06   7.3727963103E-05   1.7084671964E-05 
 -2.4570845663E-05   3.3542205518E-05   3.8975004317E-05  -1.2413239352E-05   1.7094816999E-05   2.0209578782E-05 
  7.5960993222E-05   5.7833317347E-06  -1.2413239352E-05   1.4520583344E-04   1.1479508424E-05  -2.4872814699E-05 
  5.7688448510E-06   7.3727963103E-05   1.7094816999E-05   1.1479508424E-05   1.3873055439E-04   3.2336996125E-05 
 -1.2401294801E-05   1.7084671964E-05   2.0209578782E-05  -2.4872814699E-05   3.2336996125E-05   3.8791131493E-05 

------ Kla = s0p^2 * A * Qxx * A^T
 1.46561E-04  1.13727E-05 -2.45708E-05  1.46561E-04  1.13727E-05 -2.45708E-05  7.06004E-05  5.60387E-06 -1.21696E-05 -7.06004E-05 -5.60387E-06  1.21696E-05  7.59610E-05  5.76884E-06 -1.24013E-05  7.59610E-05  5.76884E-06 -1.24013E-05 
 1.13727E-05  1.42118E-04  3.35422E-05  1.13727E-05  1.42118E-04  3.35422E-05  5.58938E-06  6.83902E-05  1.64575E-05 -5.58938E-06 -6.83902E-05 -1.64575E-05  5.78333E-06  7.37280E-05  1.70847E-05  5.78333E-06  7.37280E-05  1.70847E-05 
-2.45708E-05  3.35422E-05  3.89750E-05 -2.45708E-05  3.35422E-05  3.89750E-05 -1.21576E-05  1.64474E-05  1.87654E-05  1.21576E-05 -1.64474E-05 -1.87654E-05 -1.24132E-05  1.70948E-05  2.02096E-05 -1.24132E-05  1.70948E-05  2.02096E-05 
 1.46561E-04  1.13727E-05 -2.45708E-05  1.46561E-04  1.13727E-05 -2.45708E-05  7.06004E-05  5.60387E-06 -1.21696E-05 -7.06004E-05 -5.60387E-06  1.21696E-05  7.59610E-05  5.76884E-06 -1.24013E-05  7.59610E-05  5.76884E-06 -1.24013E-05 
 1.13727E-05  1.42118E-04  3.35422E-05  1.13727E-05  1.42118E-04  3.35422E-05  5.58938E-06  6.83902E-05  1.64575E-05 -5.58938E-06 -6.83902E-05 -1.64575E-05  5.78333E-06  7.37280E-05  1.70847E-05  5.78333E-06  7.37280E-05  1.70847E-05 
-2.45708E-05  3.35422E-05  3.89750E-05 -2.45708E-05  3.35422E-05  3.89750E-05 -1.21576E-05  1.64474E-05  1.87654E-05  1.21576E-05 -1.64474E-05 -1.87654E-05 -1.24132E-05  1.70948E-05  2.02096E-05 -1.24132E-05  1.70948E-05  2.02096E-05 
 7.06004E-05  5.58938E-06 -1.21576E-05  7.06004E-05  5.58938E-06 -1.21576E-05  1.39845E-04  1.13000E-05 -2.46291E-05 -1.39845E-04 -1.13000E-05  2.46291E-05 -6.92448E-05 -5.71066E-06  1.24715E-05 -6.92448E-05 -5.71066E-06  1.24715E-05 
 5.60387E-06  6.83902E-05  1.64474E-05  5.60387E-06  6.83902E-05  1.64474E-05  1.13000E-05  1.33393E-04  3.16997E-05 -1.13000E-05 -1.33393E-04 -3.16997E-05 -5.69618E-06 -6.50026E-05 -1.52523E-05 -5.69618E-06 -6.50026E-05 -1.52523E-05 
-1.21696E-05  1.64575E-05  1.87654E-05 -1.21696E-05  1.64575E-05  1.87654E-05 -2.46291E-05  3.16997E-05  3.73470E-05  2.46291E-05 -3.16997E-05 -3.73470E-05  1.24596E-05 -1.52422E-05 -1.85816E-05  1.24596E-05 -1.52422E-05 -1.85816E-05 
-7.06004E-05 -5.58938E-06  1.21576E-05 -7.06004E-05 -5.58938E-06  1.21576E-05 -1.39845E-04 -1.13000E-05  2.46291E-05  1.39845E-04  1.13000E-05 -2.46291E-05  6.92448E-05  5.71066E-06 -1.24715E-05  6.92448E-05  5.71066E-06 -1.24715E-05 
-5.60387E-06 -6.83902E-05 -1.64474E-05 -5.60387E-06 -6.83902E-05 -1.64474E-05 -1.13000E-05 -1.33393E-04 -3.16997E-05  1.13000E-05  1.33393E-04  3.16997E-05  5.69618E-06  6.50026E-05  1.52523E-05  5.69618E-06  6.50026E-05  1.52523E-05 
 1.21696E-05 -1.64575E-05 -1.87654E-05  1.21696E-05 -1.64575E-05 -1.87654E-05  2.46291E-05 -3.16997E-05 -3.73470E-05 -2.46291E-05  3.16997E-05  3.73470E-05 -1.24596E-05  1.52422E-05  1.85816E-05 -1.24596E-05  1.52422E-05  1.85816E-05 
 7.59610E-05  5.78333E-06 -1.24132E-05  7.59610E-05  5.78333E-06 -1.24132E-05 -6.92448E-05 -5.69618E-06  1.24596E-05  6.92448E-05  5.69618E-06 -1.24596E-05  1.45206E-04  1.14795E-05 -2.48728E-05  1.45206E-04  1.14795E-05 -2.48728E-05 
 5.76884E-06  7.37280E-05  1.70948E-05  5.76884E-06  7.37280E-05  1.70948E-05 -5.71066E-06 -6.50026E-05 -1.52422E-05  5.71066E-06  6.50026E-05  1.52422E-05  1.14795E-05  1.38731E-04  3.23370E-05  1.14795E-05  1.38731E-04  3.23370E-05 
-1.24013E-05  1.70847E-05  2.02096E-05 -1.24013E-05  1.70847E-05  2.02096E-05  1.24715E-05 -1.52523E-05 -1.85816E-05 -1.24715E-05  1.52523E-05  1.85816E-05 -2.48728E-05  3.23370E-05  3.87911E-05 -2.48728E-05  3.23370E-05  3.87911E-05 
 7.59610E-05  5.78333E-06 -1.24132E-05  7.59610E-05  5.78333E-06 -1.24132E-05 -6.92448E-05 -5.69618E-06  1.24596E-05  6.92448E-05  5.69618E-06 -1.24596E-05  1.45206E-04  1.14795E-05 -2.48728E-05  1.45206E-04  1.14795E-05 -2.48728E-05 
 5.76884E-06  7.37280E-05  1.70948E-05  5.76884E-06  7.37280E-05  1.70948E-05 -5.71066E-06 -6.50026E-05 -1.52422E-05  5.71066E-06  6.50026E-05  1.52422E-05  1.14795E-05  1.38731E-04  3.23370E-05  1.14795E-05  1.38731E-04  3.23370E-05 
-1.24013E-05  1.70847E-05  2.02096E-05 -1.24013E-05  1.70847E-05  2.02096E-05  1.24715E-05 -1.52523E-05 -1.85816E-05 -1.24715E-05  1.52523E-05  1.85816E-05 -2.48728E-05  3.23370E-05  3.87911E-05 -2.48728E-05  3.23370E-05  3.87911E-05 

------ Kvv = Kll - Kla
 2.73306E-04  2.35369E-05 -4.09358E-05 -1.46561E-04 -1.13727E-05  2.45708E-05 -7.06004E-05 -5.60387E-06  1.21696E-05  7.06004E-05  5.60387E-06 -1.21696E-05 -7.59610E-05 -5.76884E-06  1.24013E-05 -7.59610E-05 -5.76884E-06  1.24013E-05 
 2.35369E-05  2.54590E-04  5.86479E-05 -1.13727E-05 -1.42118E-04 -3.35422E-05 -5.58938E-06 -6.83902E-05 -1.64575E-05  5.58938E-06  6.83902E-05  1.64575E-05 -5.78333E-06 -7.37280E-05 -1.70847E-05 -5.78333E-06 -7.37280E-05 -1.70847E-05 
-4.09358E-05  5.86479E-05  7.27386E-05  2.45708E-05 -3.35422E-05 -3.89750E-05  1.21576E-05 -1.64474E-05 -1.87654E-05 -1.21576E-05  1.64474E-05  1.87654E-05  1.24132E-05 -1.70948E-05 -2.02096E-05  1.24132E-05 -1.70948E-05 -2.02096E-05 
-1.46561E-04 -1.13727E-05  2.45708E-05  3.34244E-04  2.07470E-05 -5.80764E-05 -7.06004E-05 -5.60387E-06  1.21696E-05  7.06004E-05  5.60387E-06 -1.21696E-05 -7.59610E-05 -5.76884E-06  1.24013E-05 -7.59610E-05 -5.76884E-06  1.24013E-05 
-1.13727E-05 -1.42118E-04 -3.35422E-05  2.07470E-05  3.50361E-04  8.53640E-05 -5.58938E-06 -6.83902E-05 -1.64575E-05  5.58938E-06  6.83902E-05  1.64575E-05 -5.78333E-06 -7.37280E-05 -1.70847E-05 -5.78333E-06 -7.37280E-05 -1.70847E-05 
 2.45708E-05 -3.35422E-05 -3.89750E-05 -5.80764E-05  8.53640E-05  8.83182E-05  1.21576E-05 -1.64474E-05 -1.87654E-05 -1.21576E-05  1.64474E-05  1.87654E-05  1.24132E-05 -1.70948E-05 -2.02096E-05  1.24132E-05 -1.70948E-05 -2.02096E-05 
-7.06004E-05 -5.58938E-06  1.21576E-05 -7.06004E-05 -5.58938E-06  1.21576E-05  2.76119E-04  2.75312E-05 -4.62868E-05  1.39845E-04  1.13000E-05 -2.46291E-05  6.92448E-05  5.71066E-06 -1.24715E-05  6.92448E-05  5.71066E-06 -1.24715E-05 
-5.60387E-06 -6.83902E-05 -1.64474E-05 -5.60387E-06 -6.83902E-05 -1.64474E-05  2.75312E-05  2.58996E-04  6.36221E-05  1.13000E-05  1.33393E-04  3.16997E-05  5.69618E-06  6.50026E-05  1.52523E-05  5.69618E-06  6.50026E-05  1.52523E-05 
 1.21696E-05 -1.64575E-05 -1.87654E-05  1.21696E-05 -1.64575E-05 -1.87654E-05 -4.62868E-05  6.36221E-05  7.32129E-05 -2.46291E-05  3.16997E-05  3.73470E-05 -1.24596E-05  1.52422E-05  1.85816E-05 -1.24596E-05  1.52422E-05  1.85816E-05 
 7.06004E-05  5.58938E-06 -1.21576E-05  7.06004E-05  5.58938E-06 -1.21576E-05  1.39845E-04  1.13000E-05 -2.46291E-05  2.61814E-04  1.73917E-05 -5.13356E-05 -6.92448E-05 -5.71066E-06  1.24715E-05 -6.92448E-05 -5.71066E-06  1.24715E-05 
 5.60387E-06  6.83902E-05  1.64474E-05  5.60387E-06  6.83902E-05  1.64474E-05  1.13000E-05  1.33393E-04  3.16997E-05  1.73917E-05  2.49409E-04  5.86646E-05 -5.69618E-06 -6.50026E-05 -1.52523E-05 -5.69618E-06 -6.50026E-05 -1.52523E-05 
-1.21696E-05  1.64575E-05  1.87654E-05 -1.21696E-05  1.64575E-05  1.87654E-05 -2.46291E-05  3.16997E-05  3.73470E-05 -5.13356E-05  5.86646E-05  7.06203E-05  1.24596E-05 -1.52422E-05 -1.85816E-05  1.24596E-05 -1.52422E-05 -1.85816E-05 
-7.59610E-05 -5.78333E-06  1.24132E-05 -7.59610E-05 -5.78333E-06  1.24132E-05  6.92448E-05  5.69618E-06 -1.24596E-05 -6.92448E-05 -5.69618E-06  1.24596E-05  2.65392E-04  1.07432E-05 -4.88881E-05 -1.45206E-04 -1.14795E-05  2.48728E-05 
-5.76884E-06 -7.37280E-05 -1.70948E-05 -5.76884E-06 -7.37280E-05 -1.70948E-05  5.71066E-06  6.50026E-05  1.52422E-05 -5.71066E-06 -6.50026E-05 -1.52422E-05  1.07432E-05  2.47436E-04  5.44036E-05 -1.14795E-05 -1.38731E-04 -3.23370E-05 
 1.24013E-05 -1.70847E-05 -2.02096E-05  1.24013E-05 -1.70847E-05 -2.02096E-05 -1.24715E-05  1.52523E-05  1.85816E-05  1.24715E-05 -1.52523E-05 -1.85816E-05 -4.88881E-05  5.44036E-05  7.15547E-05  2.48728E-05 -3.23370E-05 -3.87911E-05 
-7.59610E-05 -5.78333E-06  1.24132E-05 -7.59610E-05 -5.78333E-06  1.24132E-05  6.92448E-05  5.69618E-06 -1.24596E-05 -6.92448E-05 -5.69618E-06  1.24596E-05 -1.45206E-04 -1.14795E-05  2.48728E-05  3.28057E-04  3.99930E-05 -5.12325E-05 
-5.76884E-06 -7.37280E-05 -1.70948E-05 -5.76884E-06 -7.37280E-05 -1.70948E-05  5.71066E-06  6.50026E-05  1.52422E-05 -5.71066E-06 -6.50026E-05 -1.52422E-05 -1.14795E-05 -1.38731E-04 -3.23370E-05  3.99930E-05  3.17387E-04  7.57470E-05 
 1.24013E-05 -1.70847E-05 -2.02096E-05  1.24013E-05 -1.70847E-05 -2.02096E-05 -1.24715E-05  1.52523E-05  1.85816E-05  1.24715E-05 -1.52523E-05 -1.85816E-05  2.48728E-05 -3.23370E-05 -3.87911E-05 -5.12325E-05  7.57470E-05  8.73042E-05 
Parou aqui!!!!!

